assert_statement,final_result,comment
"assert (issame(get_odd_collatz(14) , {1, 5, 7, 11, 13, 17}));",unknown,error
"assert (issame(get_odd_collatz(5) , {1, 5}));",unknown,error
"assert (issame(get_odd_collatz(12) , {1, 3, 5}));",unknown,error
"assert (issame(get_odd_collatz(1) , {1}));",unknown,error
